- name: Liz Work
  latitude: 42.286664
  longitude: -83.715675
  radius: 250

- name: Brett Work
  latitude: 42.49140789025577
  longitude: -83.42544736441656
  radius: 250
  
- name: Daycare
  latitude: 42.380136
  longitude: -83.796028
  radius: 250
