- name: Liz Work
  latitude: 42.286664
  longitude: -83.715675
  radius: 250

- name: Brett Work
  latitude: 42.274868
  longitude: -84.053887
  radius: 1000
  
- name: Emi Daycare
  latitude: 42.380136
  longitude: -83.796028
  radius: 250
